   103.49184088523236     
   54.241493365605692     
   54.208787401510385     
   101.89066495644991     
   101.71414601844448     
   41.291692264517316     
   98.679261212130569     
   75.399514112678162     
   75.101645519980735     
   80.247151102038686     
   92.393150277594245     
   80.004164785464695     
   61.980383895930743     
   54.269834471204888     
   80.098639965774439     
   93.194345967199752     
   71.982539729203310     
   54.179298539293193     
   41.228896174238898     
   80.183386118277213     
   93.432759780441216     
   93.240122489605739     
   41.162943696046270     
   54.389716278234737     
   92.864690729646924     
   94.724188674518913     
   145.16355631900470     
   93.580576630768405     
   101.37399323884227     
   54.306792862732166     
   80.086318134491478     
   54.163724276472919     
   92.635801739869606     
   73.650709989002138     
   81.725965756443955     
   73.363011209270354     
   62.282640739984217     
   41.352471866713124     
   94.511605723253979     
   80.273867646587263     
   93.182788516655052     
   81.702242514780494     
   41.331087233760371     
   80.117467061882792     
   101.96714945840097     
   101.67478828438445     
   126.41470589676059     
   74.855253608032271     
   93.102939792697626     
   80.482177622058131     
   93.679585371130671     
   119.10977417811786     
   81.427015031406668     
   126.91598660350795     
   126.54453965939540     
   127.15752642404365     
   101.95887511548821     
   73.698942603258118     
   80.866486187265025     
   117.53406170448739     
   97.926678051949622     
   75.244658204159151     
   145.05157419500807     
   101.58180570903885     
   80.093590518352372     
   41.340020388390073     
   93.975564855270179     
   101.88670834281453     
   79.888472181379143     
   93.737317515724413     
   92.860854651615426     
   75.146347057335532     
   93.400361584288405     
   81.002161393562758     
   81.460295514770081     
   117.97361187834788     
   62.207355776976193     
   94.617108604681320     
   62.191863042112701     
   54.319194339335418     
   73.619594096360018     
   74.025865974926063     
   92.850337558366334     
   54.319058718498063     
   101.91780173759557     
   94.206314247725985     
   119.08328123506958     
   62.248981280331151     
   92.897138847297214     
   41.268446851942883     
   117.96738591881117     
   75.396542272831226     
   92.825811306993003     
   80.134224467483278     
   62.317002564682397     
   117.66528906665728     
   81.238584494473102     
   81.299525374679988     
   41.281687803168857     
   118.95933466604103     
   73.849727040429144     
   102.06831301745773     
   62.177266313827687     
   94.378638367487724     
   54.460349623984172     
   93.332630564165498     
   54.394693183843799     
   80.211340425078873     
   41.398959129128201     
   145.04765732569342     
   101.51790424738118     
   80.810489946332410     
   81.410408674074617     
   119.00321719983808     
   119.13075518054158     
   81.030568003086415     
   41.413906191711504     
   80.464117840392532     
   73.837030185354223     
   93.239701243359590     
   75.123740397731126     
   62.231601246857352     
   41.095728885201723     
   41.389445484014800     
   94.261405942665363     
   74.975286111552236     
   41.239661684373267     
   73.485022711150918     
   80.037920434013358     
   73.901637088146202     
   54.276809694274689     
   119.29817552243833     
   61.974249433658073     
   80.161318614674386     
   62.387781737862532     
   92.454338728042217     
   81.414887308848606     
   41.380887043529839     
   41.410140991450582     
   94.841538284456902     
   102.09006304454043     
   126.58516155419183     
   75.251428078032347     
   118.90292267455622     
   62.392618107646477     
   119.14367681747298     
   80.265280490970071     
   80.429487645704157     
   73.272124644413196     
   81.666584461525105     
   101.80274476799022     
   73.856731475626844     
   41.333595991760802     
   101.67933262351157     
   145.11744951409278     
   94.005995260559573     
   126.62255366032662     
   40.996478507793107     
   72.717475755056597     
   118.98105674567387     
   93.356050918867197     
   94.359007306098889     
   75.066688678020569     
   41.174553547990570     
   94.230762175620939     
   101.97705334217710     
   119.13763942058345     
   98.536821695700610     
   81.605238955981861     
   41.222949242401711     
   98.918530782377815     
   101.57196154002712     
   41.263079340374432     
   93.134393739103047     
   92.876866304231470     
   80.746300551446950     
   93.061759689653343     
   92.592691518159313     
   73.816828605330940     
   54.407471660453105     
   94.487148345143794     
   41.316308877057018     
   72.689050461922335     
