   115.67278414601380     
   86.021348640063934     
   44.371620777760455     
   90.781389134466778     
   110.55456244066502     
   85.546767588735563     
   105.44349308387038     
   60.268889158528658     
   44.879911541471927     
   90.250166805084135     
   104.79051630548938     
   45.162026282677516     
   129.79669536376460     
   45.309382159408166     
   118.45639705063094     
   90.250010987321588     
   82.512287236072794     
   110.09441261969192     
   83.262802613094053     
   91.011144144774391     
   89.583125813631995     
   59.620978672274290     
   85.775801452894896     
   105.86216059726709     
   44.476847215644909     
   82.204408159627604     
   84.097798324041364     
   129.36845406605426     
   109.93450606060080     
   60.214733833613295     
   101.32273408490873     
   157.10903250117792     
   100.57284613880289     
   109.74285368051142     
   104.44815960256976     
   81.970579758045943     
   136.12917476395307     
   73.284637244105440     
   105.08807854637797     
   127.58543295928973     
   127.46993215013032     
   59.079452895739792     
   44.370199999113296     
   89.754521620614412     
   59.620029442281215     
   101.10459623677195     
   105.13522473594497     
   45.411245970388997     
   59.949296225163650     
   129.33668163881083     
   68.160337716874650     
   90.427973494671690     
   85.123892672076451     
   99.879635903614172     
   90.182737492622422     
   134.42420138948424     
   136.10387979724567     
   89.697319573130173     
   90.303356856049831     
   100.62478701719883     
   132.33234355651533     
   109.25607577041286     
   99.264997273969314     
   81.696851295294380     
   148.71306823502903     
   110.01345381037288     
   136.70066290599252     
   120.15467681451253     
   119.85573932925681     
   82.309455134001325     
   82.144672593037512     
   136.33406356574827     
   137.54466747695469     
   100.67173226302931     
   134.19348046083954     
   136.54879408001210     
   90.099282164706551     
   104.69586612324599     
   44.614240019352259     
   89.727462718620814     
   59.657815156282808     
   81.939124241929790     
   105.14398340483788     
   108.60449112275336     
   89.817368537696026     
   99.712037219154951     
   117.27700426798633     
   44.919611363912239     
   105.12392726338972     
   105.32780804632255     
   83.105643636705480     
   104.57094183595711     
   85.601468521977267     
   99.501555270728574     
   105.36059457340382     
   100.36443654087573     
   68.347550657425629     
   105.62866407312616     
   60.177534993100380     
   44.719278286985379     
   44.701108293864195     
   82.109971915491485     
   127.99771450112137     
   82.467871275133234     
   106.14751289938772     
   67.629903458903414     
   133.19023656660201     
   82.184391966132168     
   67.727081648570618     
   99.878673609034934     
   67.901867362037876     
   100.77970177886247     
   44.619486682059247     
   133.01366249316914     
   81.862823524319452     
   59.734927011691383     
   81.690463461221739     
   89.831377360444250     
   100.22295034634838     
   83.228475780420666     
   83.738096826828524     
   84.192714266035836     
   128.07216695961486     
   99.820087871845104     
   90.403674189327944     
   44.403217690167146     
   103.74412428997643     
   134.35410020204546     
   89.937491215488294     
   134.05210405639039     
   89.835163251141438     
   132.97374304323097     
   85.721836326656941     
   100.56910911185740     
   137.53059233836578     
   90.721123103362089     
   82.444070471042394     
   44.952651340479925     
   109.76290587839526     
   105.59879791145279     
   134.25560468559593     
   109.15109754354845     
   81.101310955820935     
   59.499773462716000     
   137.10548588743490     
   77.822455854780642     
   133.59207712069966     
   45.005929885914711     
   134.74229902324691     
   89.819919227264094     
   44.582831290608944     
   93.108241726800273     
   105.08964003532287     
   74.266739133002730     
   110.17866294544787     
   133.47379788431886     
   82.492809353197089     
   84.064007502681633     
   100.94779917385593     
   117.64933461728801     
   155.49490139921352     
   82.307221857730113     
   128.02822978256032     
   82.259961493903035     
   84.179734002650306     
   59.537812677688088     
   105.10901393425969     
   44.745618349841443     
   109.84224780759811     
   44.925405623284490     
   132.47575706078479     
   89.771592508969547     
   84.804395681782438     
   60.171085245265814     
   45.119701910978804     
   100.78395055668685     
   99.897248153582922     
   82.405616129601313     
   82.619825621927049     
   135.02813854123306     
   111.40706740170087     
   89.810019065966543     
   117.19212311473092     
   128.30988016316786     
   59.939587207752311     
   59.686388647326879     
   100.00562927069123     
   100.76935396843382     
   106.14776863530136     
   128.53856455220583     
   45.020870751458098     
   69.328298123772271     
   84.971182897317476     
   83.783116726744396     
   85.325708203097406     
   44.937488244801408     
   44.796392615268921     
   68.837286528457895     
   89.644367987324742     
   90.630244515831208     
   89.706367705597501     
   85.462080765638945     
   105.39420924192821     
   128.65846300777835     
   100.21018335368686     
   44.788660991032934     
   134.83373961142391     
   105.63521344616719     
   100.03188886980917     
   82.205067174383558     
   60.178416878720910     
   63.578145818834109     
